eval_accuracy = 0.6838235
eval_loss = 0.62135386
global_step = 0
loss = 0.62135386
